1 1 1 (670, 661) (715, 725)
1 2 1 (630, 666) (674, 717)
1 2 2 (707, 665) (747, 722)
1 3 1 (595, 665) (632, 722)
1 3 2 (671, 664) (706, 717)
1 3 3 (745, 665) (784, 722)
1 4 1 (553, 688) (579, 712)
1 4 2 (638, 675) (663, 707)
1 4 3 (708, 679) (742, 717)
1 4 4 (789, 688) (814, 715)
1 5 1 (543, 690) (571, 715)
1 5 2 (611, 678) (636, 701)
1 5 3 (668, 676) (698, 703)
1 5 4 (730, 678) (762, 699)
1 5 5 (793, 691) (826, 717)
1 6 1 (538, 698) (561, 715)
1 6 2 (589, 681) (614, 705)
1 6 3 (644, 673) (664, 697)
1 6 4 (694, 674) (711, 692)
1 6 5 (749, 675) (768, 701)
1 6 6 (803, 687) (828, 713)
1 7 1 (529, 698) (549, 713)
1 7 2 (578, 687) (593, 700)
1 7 3 (623, 679) (636, 700)
1 7 4 (666, 677) (684, 715)
1 7 5 (711, 673) (729, 715)
1 7 6 (759, 680) (772, 716)
1 7 7 (811, 691) (834, 723)
1 8 1 (524, 706) (542, 719)
1 8 2 (565, 695) (577, 710)
1 8 3 (607, 683) (619, 703)
1 8 4 (645, 677) (657, 700)
1 8 5 (686, 670) (695, 699)
1 8 6 (725, 673) (732, 705)
1 8 7 (770, 678) (775, 704)
1 8 8 (808, 694) (829, 719)
1 9 1 (519, 707) (534, 720)
1 9 2 (559, 697) (573, 712)
1 9 3 (594, 687) (606, 704)
1 9 4 (629, 679) (641, 700)
1 9 5 (667, 678) (676, 698)
1 9 6 (701, 679) (711, 697)
1 9 7 (743, 682) (749, 696)
1 9 8 (774, 686) (785, 703)
1 9 9 (813, 700) (832, 717)
1 10 1 (517, 715) (529, 725)
1 10 2 (550, 702) (562, 717)
1 10 3 (583, 693) (596, 706)
1 10 4 (615, 682) (628, 698)
1 10 5 (648, 674) (660, 696)
1 10 6 (679, 673) (689, 704)
1 10 7 (716, 669) (721, 704)
1 10 8 (748, 674) (752, 710)
1 10 9 (782, 679) (785, 709)
1 10 10 (816, 700) (834, 719)
2 1 1 (697, 432) (730, 478)
2 2 1 (657, 433) (691, 476)
2 2 2 (733, 434) (770, 476)
2 3 1 (622, 436) (646, 469)
2 3 2 (698, 438) (725, 471)   
2 3 3 (778, 438) (808, 473)
2 4 1 (579, 436) (610, 473)
2 4 2 (655, 435) (686, 471)
2 4 3 (737, 438) (770, 477)
2 4 4 (811, 438) (845, 475)
2 5 1 (536, 435) (574, 473)
2 5 2 (616, 436) (650, 476)
2 5 3 (697, 435) (729, 474)
2 5 4 (773, 434) (805, 476)
2 5 5 (851, 437) (886, 475)
2 6 1 (497, 438) (532, 471)
2 6 2 (577, 435) (607, 474)
2 6 3 (654, 435) (690, 474)
2 6 4 (734, 437) (766, 475)
2 6 5 (813, 437) (846, 473)
2 6 6 (889, 441) (927, 473)
2 7 1 (457, 438) (491, 476)
2 7 2 (536, 435) (575, 474)
2 7 3 (614, 434) (651, 476)
2 7 4 (697, 436) (729, 470)
2 7 5 (775, 438) (807, 478)
2 7 6 (855, 433) (887, 479)
2 7 7 (933, 438) (967, 478)
3 1 1 (699, 332) (728, 369)
3 2 1 (655, 330) (687, 371)
3 2 2 (731, 331) (770, 371)
3 3 1 (617, 329) (653, 369)
3 3 2 (694, 330) (729, 368)
3 3 3 (775, 332) (805, 363)
3 4 1 (581, 346) (610, 369)
3 4 2 (656, 338) (691, 365)
3 4 3 (734, 334) (764, 365)
3 4 4 (817, 329) (842, 363)
3 5 1 (540, 331) (570, 370)
3 5 2 (622, 329) (649, 366)
3 5 3 (696, 331) (726, 366)
3 5 4 (776, 330) (806, 368)
3 5 5 (850, 334) (885, 367)
3 6 1 (499, 332) (533, 370)
3 6 2 (578, 331) (610, 364)
3 6 3 (658, 333) (688, 366)
3 6 4 (733, 336) (767, 368)
3 6 5 (813, 334) (848, 372)
3 6 6 (891, 332) (930, 367)
3 7 1 (461, 331) (488, 367)
3 7 2 (538, 331) (570, 369)
3 7 3 (618, 332) (645, 367)
3 7 4 (698, 330) (724, 366)
3 7 5 (776, 334) (808, 365)
3 7 6 (853, 332) (886, 365)
3 7 7 (933, 333) (964, 368)
topleft (183, 123)
botright (1246, 735)
4 4 1 (687, 569) (737, 626) 
4 4 2 (692, 209) (737, 266)
4 4 3 (808, 582) (827, 615)  #heropower
5 5 5 (1024, 394) (1086, 409)
6 4 1 (493, 386)  (544, 468)
6 4 2 (637, 383) (670, 456)
6 4 3 (771, 391) (812, 461)
6 4 4 (898, 376) (945, 449)
6 3 1 (517, 385) (553, 460)
6 3 2 (685, 367)(742, 473)
6 3 3 (880, 375) (929, 455)